# SiteLatitude = -9.5901
# SiteLongitude = 128.1538
# SurfaceAge = 500.0000
#
# age       compacted_depth compacted_thickness decompacted_thickness decompacted_density decompacted_sediment_rate decompacted_depth min_tectonic_subsidence max_tectonic_subsidence average_tectonic_subsidence min_water_depth max_water_depth average_water_depth lithology
  500.000   0.000           2680.000            2680.000              2117.074            36.059                    0.000             1495.088                1595.088                1545.088                    0.000           100.000         50.000              Shale           0.20       Limestone       0.75       Dolostone       0.05       
  518.000   600.000         2080.000            2252.627              2083.204            609.322                   649.070           1302.882                1402.882                1352.882                    0.000           100.000         50.000              Shale           0.20       Limestone       0.75       Dolostone       0.05       
  519.000   1100.000        1580.000            1831.493              2048.140            460.334                   1258.392          1102.512                1202.512                1152.512                    0.000           100.000         50.000              Shale           0.10       Limestone       0.80       Sand            0.10       
  521.000   1800.000        880.000             1154.942              1961.552            149.231                   2179.059          768.930                 868.930                 818.930                     0.000           100.000         50.000              Shale           0.30       Limestone       0.55       Dolostone       0.05       Sand            0.10       
  524.000   2100.000        580.000             802.754               1924.379            74.965                    2626.752          572.360                 672.360                 622.360                     0.000           100.000         50.000              Shale           0.20       Limestone       0.10       Sand            0.70       
  525.000   2150.000        530.000             741.174               1918.581            0.000                     2701.717          536.594                 636.594                 586.594                     0.000           100.000         50.000              Shale           0.10       Limestone       0.75       Dolostone       0.05       Sand            0.10       
  533.000   2150.000        530.000             741.174               1918.581            90.138                    2701.717          536.594                 636.594                 586.594                     0.000           100.000         50.000              Shale           0.15       Limestone       0.15       Sand            0.70       
  538.000   2450.000        230.000             353.752               1865.455            0.000                     3152.405          357.020                 507.020                 432.020                     50.000          200.000         125.000             Shale           0.45       Limestone       0.50       Sand            0.05       
  620.000   2450.000        230.000             353.752               1865.455            6.328                     3152.405          327.020                 507.020                 417.020                     20.000          200.000         110.000             Shale           0.30       Limestone       0.65       Sand            0.05       
  635.000   2510.000        170.000             267.741               1849.134            7.038                     3247.325          274.152                 454.152                 364.152                     20.000          200.000         110.000             Shale           0.55       Limestone       0.35       Sand            0.10       
  640.000   2530.000        150.000             235.287               1852.702            61.114                    3282.513          252.890                 432.890                 342.890                     20.000          200.000         110.000             Shale           0.35       Limestone       0.65       
  644.000   2680.000        0.000               0.000                 0.000               0.000                     3526.970          20.000                  200.000                 110.000                     20.000          200.000         110.000             Shale           1.00       
