# SiteLatitude = -9.5901
# SiteLongitude = 128.1538
# SurfaceAge = 500.0000
#
# age       compacted_depth compacted_thickness decompacted_thickness decompacted_density decompacted_sediment_rate decompacted_depth min_tectonic_subsidence max_tectonic_subsidence average_tectonic_subsidence min_water_depth max_water_depth average_water_depth lithology
  500.000   0.000           2380.000            2380.000              2153.547            17.441                    0.000             1299.138                1399.138                1349.138                    0.000           100.000         50.000              Sand            0.50       Conglomerate    0.40       Shale           0.10       
  518.000   300.000         2080.000            2161.990              2124.176            374.905                   313.937           1215.234                1315.234                1265.234                    0.000           100.000         50.000              Limestone       0.50       Dolostone       0.50       
  519.500   800.000         1580.000            1754.790              2095.675            289.987                   876.294           1023.496                1123.496                1073.496                    0.000           100.000         50.000              Limestone       0.50       Dolostone       0.50       
  522.500   1500.000        880.000             1084.202              2047.711            227.942                   1746.256          686.226                 786.226                 736.226                     0.000           100.000         50.000              Limestone       0.50       Dolostone       0.50       
  524.250   1800.000        580.000             755.136               2025.692            0.000                     2145.155          509.996                 509.996                 509.996                     0.000           0.000           0.000               Sand            1.00       
  524.750   1800.000        580.000             755.136               2025.692            290.703                   2145.155          509.996                 519.996                 514.996                     0.000           10.000          5.000               Conglomerate    1.00       
  525.000   1850.000        530.000             693.168               1980.043            0.000                     2217.831          488.612                 488.612                 488.612                     0.000           0.000           0.000               Sand            1.00       
  531.000   1850.000        530.000             693.168               1980.043            138.395                   2217.831          488.612                 588.612                 538.612                     0.000           100.000         50.000              Limestone       0.50       Dolostone       0.30       Sand            0.20       
  534.000   2150.000        230.000             324.349               1943.227            0.000                     2633.017          277.330                 277.330                 277.330                     0.000           0.000           0.000               Sand            1.00       
  620.000   2150.000        230.000             324.349               1943.227            5.336                     2633.017          277.330                 477.330                 377.330                     0.000           200.000         100.000             Shale           0.40       Limestone       0.30       Dolostone       0.30       
  635.000   2200.000        180.000             249.830               1967.836            43.893                    2713.053          229.726                 329.726                 279.726                     0.000           100.000         50.000              Dolostone       0.60       Conglomerate    0.40       
  636.000   2230.000        150.000             208.189               1937.247            26.656                    2756.946          207.833                 307.833                 257.833                     0.000           100.000         50.000              Limestone       0.70       Dolostone       0.30       
  644.000   2380.000        0.000               0.000                 0.000               0.000                     2970.193          0.000                   100.000                 50.000                      0.000           100.000         50.000              Shale           1.00       
